  0   0   0   0   0  12  32  32   0  12  32  32   0   0   0   0
  0  27  57  90   0  87 246 171  54 138 207 249   6  57  27   0
  0  57 186 249   0  87 246 171 213 207  78 229   6  87  57   0
  0  90 249 255   0  54 213 255 255 249 229 251   0   6   6   0
  0   0   0  28  60 255 255 253 253 255 255 255 251 235 255  32
  6  66  96 235 255 255 255 176 175 255 255 255 229 108 237  32
 26 225 155 235 255 255 252 178 179 251 254 255 249 178 207  32
 32 213 193 251 255 214 210 104  99 194 194 254 227 110 110   4
  0  12  32 227 250 229 247 226 232 246 207 246 251 229 249  32
 12 138 207 249 255 253 241 138 168 230 249 255 229  78 207  32
 32 207  78 229 255 255 246 250 249 240 255 255 249 207 138  12
 32 249 229 251 255 255 255 255 255 255 255  60  32  32  12   0
  0   6   6   0 255 249 229  28 251 229 249  32 255 249  90   0
  0  57  87   6 255 216  87  48 229  78 207  32 249 186  57   0
  0  27  57   6 255 216 186  68 249 207 138  12  90  57  27   0
  0   0   0   0  32  26  26   4  32  32  12   0   0   0   0   0
  0   0   0   0   0  12  32  32   0  12  32  32   0   0   0   0
  0  27  57  90   0  87 246 171  54 138 207 249   6  57  27   0
  0  57 186 249   0  87 246 171 213 207  78 229   6  87  57   0
  0  90 249 255   0  54 213 255 255 249 229 251   0   6   6   0
  0   0   0  28  60 255 255 253 253 255 255 255 251 235 255  32
  6  66  96 235 255 255 255 202 217 255 255 255 229 108 237  32
 26 225 155 235 255 255 251 204 219 250 254 255 249 178 207  32
 32 213 193 251 255 214 209 105 101 192 194 254 227 110 110   4
  0  12  32 227 250 228 245 221 225 244 206 246 251 229 249  32
 12 138 207 249 255 253 240 125 144 229 249 255 229  78 207  32
 32 207  78 229 255 255 246 250 249 240 255 255 249 207 138  12
 32 249 229 251 255 255 255 255 255 255 255  60  32  32  12   0
  0   6   6   0 255 249 229  28 251 229 249  32 255 249  90   0
  0  57  87   6 255 216  87  48 229  78 207  32 249 186  57   0
  0  27  57   6 255 216 186  68 249 207 138  12  90  57  27   0
  0   0   0   0  32  26  26   4  32  32  12   0   0   0   0   0
  0   0   0   0   0  12  32  32   0  12  32  32   0   0   0   0
  0  27  57  90   0  87 246 171  54 138 207 249   6  57  27   0
  0  57 186 249   0  87 246 171 213 207  78 229   6  87  57   0
  0  90 249 255   0  54 213 255 255 249 229 251   0   6   6   0
  0   0   0  28  60 255 255 253 253 255 255 255 251 235 255  32
  6  66  96 235 255 255 255 232 239 255 255 255 229 108 237  32
 26 225 155 235 255 255 251 232 240 250 254 255 249 178 207  32
 32 213 193 251 255 214 208 102  99 192 194 254 227 110 110   4
  0  12  32 227 250 228 244 235 241 243 206 246 251 229 249  32
 12 138 207 249 255 253 240 196 225 229 249 255 229  78 207  32
 32 207  78 229 255 255 246 250 248 240 255 255 249 207 138  12
 32 249 229 251 255 255 255 255 255 255 255  60  32  32  12   0
  0   6   6   0 255 249 229  28 251 229 249  32 255 249  90   0
  0  57  87   6 255 216  87  48 229  78 207  32 249 186  57   0
  0  27  57   6 255 216 186  68 249 207 138  12  90  57  27   0
  0   0   0   0  32  26  26   4  32  32  12   0   0   0   0   0

  0   0   0   0  32  32  32   4  32  32  12   0   0   0   0   0
  0  27  57   6 255 237 207 110 249 207 138  12  90  57  27   0
  0  57  87   6 235 108 178 110 229  78 207  32 249 186  57   0
  0   6   6   0 251 229 249 227 251 229 249  32 255 249  90   0
 32 249 229 251 255 255 255 254 246 255 255  60  32  32  12   0
 32 207  78 229 255 255 254 194 207 249 255 255 249 207 138  12
 12 138 207 249 255 255 251 194 246 230 240 255 229  78 207  32
  0  54 213 255 253 175 179  99 232 168 249 255 251 229 249  32
 32 171 171 255 253 176 178 104 226 138 250 255  28  48  68   4
 32 246 246 213 255 255 252 210 247 241 246 255 229  87 186  26
 12  87  87  54 255 255 255 214 229 253 255 255 249 216 216  26
  0   0   0   0  60 255 255 255 250 255 255 255 255 255 255  32
  0  90 249 255  28 235 235 251 227 249 229 251   0   6   6   0
  0  57 186 249   0  96 155 193  32 207  78 229   6  87  57   0
  0  27  57  90   0  66 225 213  12 138 207 249   6  57  27   0
  0   0   0   0   0   6  26  32   0  12  32  32   0   0   0   0
  0   0   0   0  32  32  32   4  32  32  12   0   0   0   0   0
  0  27  57   6 255 237 207 110 249 207 138  12  90  57  27   0
  0  57  87   6 235 108 178 110 229  78 207  32 249 186  57   0
  0   6   6   0 251 229 249 227 251 229 249  32 255 249  90   0
 32 249 229 251 255 255 255 254 246 255 255  60  32  32  12   0
 32 207  78 229 255 255 254 194 206 249 255 255 249 207 138  12
 12 138 207 249 255 255 250 192 244 229 240 255 229  78 207  32
  0  54 213 255 253 217 219 101 225 144 249 255 251 229 249  32
 32 171 171 255 253 202 204 105 221 125 250 255  28  48  68   4
 32 246 246 213 255 255 251 209 245 240 246 255 229  87 186  26
 12  87  87  54 255 255 255 214 228 253 255 255 249 216 216  26
  0   0   0   0  60 255 255 255 250 255 255 255 255 255 255  32
  0  90 249 255  28 235 235 251 227 249 229 251   0   6   6   0
  0  57 186 249   0  96 155 193  32 207  78 229   6  87  57   0
  0  27  57  90   0  66 225 213  12 138 207 249   6  57  27   0
  0   0   0   0   0   6  26  32   0  12  32  32   0   0   0   0
  0   0   0   0  32  32  32   4  32  32  12   0   0   0   0   0
  0  27  57   6 255 237 207 110 249 207 138  12  90  57  27   0
  0  57  87   6 235 108 178 110 229  78 207  32 249 186  57   0
  0   6   6   0 251 229 249 227 251 229 249  32 255 249  90   0
 32 249 229 251 255 255 255 254 246 255 255  60  32  32  12   0
 32 207  78 229 255 255 254 194 206 249 255 255 249 207 138  12
 12 138 207 249 255 255 250 192 243 229 240 255 229  78 207  32
  0  54 213 255 253 239 240  99 241 225 248 255 251 229 249  32
 32 171 171 255 253 232 232 102 235 196 250 255  28  48  68   4
 32 246 246 213 255 255 251 208 244 240 246 255 229  87 186  26
 12  87  87  54 255 255 255 214 228 253 255 255 249 216 216  26
  0   0   0   0  60 255 255 255 250 255 255 255 255 255 255  32
  0  90 249 255  28 235 235 251 227 249 229 251   0   6   6   0
  0  57 186 249   0  96 155 193  32 207  78 229   6  87  57   0
  0  27  57  90   0  66 225 213  12 138 207 249   6  57  27   0
  0   0   0   0   0   6  26  32   0  12  32  32   0   0   0   0

 49  96  95  95 100 106 109 107 100 109 107 106  92  95  96  49
 96 116 116 133 128 188 187 213 132 186 193 177  87 123 116  96
 95 116 125 168 109 187 145 228 101 104 176 163  99 144 123  95
 95 133 168 204 107 213 228 220  73 164 193 163  49  99  87  92
100 128 109 107 128 159 162 162 162 162 159 204 220 228 213 107
106 188 187 213 159 180 201 191 191 202 181 159 228 145 187 109
109 187 145 228 162 201 220 161 171 220 204 162 213 187 188 106
107 213 228 220 158 174 229 184 194 228 175 159 234 131 128 100
 96 142 169 242 160 174 220 213 215 217 177 160 242 149 174 107
111 187 164 230 163 208 220 187 188 222 211 163 243 189 205 106
110 194 119 180 159 181 205 132 137 209 181 159 245 170 151 101
106 176 199 243 204 159 162 158 158 162 159 128 113  98 120 100
 92  87  99  49 220 228 213 245 191 190 111  95 204 168 133  95
 95 123 144  99 228 145 187 212 132 216 138  95 168 125 116  95
 96 116 123  87 213 187 188 165 154 221 157 120 133 116 116  96
 49  96  95  92 107 109 106 102 105 110 104 100  95  95  96  49
 49  96  95  95 100 106 109 107 100 109 107 106  92  95  96  49
 96 116 116 133 128 188 187 213 132 186 193 177  87 123 116  96
 95 116 125 168 109 187 145 228 101 104 176 163  99 144 123  95
 95 133 168 204 107 213 228 220  73 164 193 163  49  99  87  92
100 128 109 107 128 159 162 162 162 162 159 204 220 228 213 107
106 188 187 213 159 180 201 191 191 202 181 159 228 145 187 109
109 187 145 228 162 201 219 148 161 219 204 162 213 187 188 106
107 213 228 220 158 173 228 180 192 226 175 159 234 131 128 100
 96 142 169 242 160 174 218 211 213 216 176 160 242 149 174 107
111 187 164 230 163 208 220 201 201 222 211 163 243 189 205 106
110 194 119 180 159 181 205 150 154 209 181 159 245 170 151 101
106 176 199 243 204 159 162 158 159 162 159 128 113  98 120 100
 92  87  99  49 220 228 213 245 191 190 111  95 204 168 133  95
 95 123 144  99 228 145 187 212 132 216 138  95 168 125 116  95
 96 116 123  87 213 187 188 165 154 221 157 120 133 116 116  96
 49  96  95  92 107 109 106 102 105 110 104 100  95  95  96  49
 49  96  95  95 100 106 109 107 100 109 107 106  92  95  96  49
 96 116 116 133 128 188 187 213 132 186 193 177  87 123 116  96
 95 116 125 168 109 187 145 228 101 104 176 163  99 144 123  95
 95 133 168 204 107 213 228 220  73 164 193 163  49  99  87  92
100 128 109 107 128 159 162 162 162 162 159 204 220 228 213 107
106 188 187 213 159 180 201 191 191 202 181 159 228 145 187 109
109 187 145 228 162 201 219 207 209 219 204 162 213 187 188 106
107 213 228 220 158 172 227 219 225 226 175 159 234 131 128 100
 96 142 169 242 160 174 218 210 212 215 176 160 242 149 174 107
111 187 164 230 163 208 219 211 211 222 211 163 243 189 205 106
110 194 119 180 159 181 205 162 164 209 181 159 245 170 151 101
106 176 199 243 204 159 162 159 159 162 159 128 113  98 120 100
 92  87  99  49 220 228 213 245 191 190 111  95 204 168 133  95
 95 123 144  99 228 145 187 212 132 216 138  95 168 125 116  95
 96 116 123  87 213 187 188 165 154 221 157 120 133 116 116  96
 49  96  95  92 107 109 106 102 105 110 104 100  95  95  96  49

 49  97  95  93 108 110 106 100 108 107 102 100  95  95  97  49
 97 116 124  87 213 187 189 128 174 205 152 120 133 116 116  97
 95 124 145  99 228 145 187 131 150 190 171  98 169 125 116  95
 93  87  99  49 220 228 213 234 243 243 246 113 204 169 133  95
106 177 163 163 205 159 163 159 161 163 159 128  95  95 120 100
108 194 176 193 159 181 205 176 177 212 181 159 112 139 158 105
109 186 105 165 163 203 220 229 218 223 210 163 190 216 221 111
100 133 101  73 163 192 171 195 216 188 137 159 192 132 155 106
108 213 228 220 163 192 162 184 213 187 132 158 245 212 165 102
110 187 145 228 163 201 220 230 221 220 206 163 213 187 189 106
106 189 187 213 159 181 202 174 174 209 181 159 228 145 187 110
100 128 110 108 128 159 163 158 160 163 159 205 220 228 213 108
 95 133 169 204 108 213 228 220 242 231 180 243  49  99  87  93
 95 116 125 169 110 187 145 228 170 165 120 199  99 145 124  95
 97 116 116 133 128 189 187 213 143 188 194 176  87 124 116  97
 49  97  95  95 100 106 110 108  97 111 110 106  93  95  97  49
 49  97  95  93 108 110 106 100 108 107 102 100  95  95  97  49
 97 116 124  87 213 187 189 128 174 205 152 120 133 116 116  97
 95 124 145  99 228 145 187 131 150 190 171  98 169 125 116  95
 93  87  99  49 220 228 213 234 243 243 246 113 204 169 133  95
106 177 163 163 205 159 163 159 161 163 159 128  95  95 120 100
108 194 176 193 159 181 205 175 177 212 181 159 112 139 158 105
109 186 105 165 163 203 220 227 216 223 210 163 190 216 221 111
100 133 101  73 163 192 161 192 214 202 154 159 192 132 155 106
108 213 228 220 163 191 149 181 211 201 150 159 245 212 165 102
110 187 145 228 163 201 220 228 219 220 206 163 213 187 189 106
106 189 187 213 159 181 202 174 174 209 181 159 228 145 187 110
100 128 110 108 128 159 163 158 160 163 159 205 220 228 213 108
 95 133 169 204 108 213 228 220 242 231 180 243  49  99  87  93
 95 116 125 169 110 187 145 228 170 165 120 199  99 145 124  95
 97 116 116 133 128 189 187 213 143 188 194 176  87 124 116  97
 49  97  95  95 100 106 110 108  97 111 110 106  93  95  97  49
 49  97  95  93 108 110 106 100 108 107 102 100  95  95  97  49
 97 116 124  87 213 187 189 128 174 205 152 120 133 116 116  97
 95 124 145  99 228 145 187 131 150 190 171  98 169 125 116  95
 93  87  99  49 220 228 213 234 243 243 246 113 204 169 133  95
106 177 163 163 205 159 163 159 161 163 159 128  95  95 120 100
108 194 176 193 159 181 205 175 177 212 181 159 112 139 158 105
109 186 105 165 163 203 220 226 216 222 210 163 190 216 221 111
100 133 101  73 163 191 209 225 212 211 165 159 192 132 155 106
108 213 228 220 163 191 207 219 210 212 163 159 245 212 165 102
110 187 145 228 163 201 219 228 218 220 206 163 213 187 189 106
106 189 187 213 159 181 202 173 174 209 181 159 228 145 187 110
100 128 110 108 128 159 163 158 160 163 159 205 220 228 213 108
 95 133 169 204 108 213 228 220 242 231 180 243  49  99  87  93
 95 116 125 169 110 187 145 228 170 165 120 199  99 145 124  95
 97 116 116 133 128 189 187 213 143 188 194 176  87 124 116  97
 49  97  95  95 100 106 110 108  97 111 110 106  93  95  97  49
